2,6,5,4,1,3,7,8,9,10,11,12
